255 255 255 255 255 255 255 255 255 255 255 255 255 255 255 255
255 255 255 255 255 255 255 255 255 255 255 255 255 255 255 255
255 255 255 255 255 255 255 255   0 255 255 255 201 255 255 255
255 255 255 255 255 255   0   0   0 255 255   0   0   0 255 255
255 255 255 255 249   0   0   0   0 255 255 255 255   0   0 255
  0   0   0   0   0   0   0   0   0 255   0   3 255 255   0 215
  0   0   0   0   0   0   0   0   0 255   0   0   4 255   0   0
  0   0   0   0   0   0   0   0   0 255 255   0   0 255  92   0
  0   0   0   0   0   0   0   0   0 255 255   0   0 255  92   0
  0   0   0   0   0   0   0   0   0 255   0   0   4 255   0   0
  0   0   0   0   0   0   0   0   0 255   0   3 255 255   0 215
255 255 255 255 249   0   0   0   0 255 255 255 255   0   0 255
255 255 255 255 255 255   0   0   0 255 255   0   0   0 255 255
255 255 255 255 255 255 255 255   0 255 255 255 196 255 255 255
255 255 255 255 255 255 255 255 255 255 255 255 255 255 255 255
255 255 255 255 255 255 255 255 255 255 255 255 255 255 255 255
255 255 255 255 255 255 255 255 255 255 255 255 255 255 255 255
255 255 255 255 255 255 255 255 255 255 255 255 255 255 255 255
255 255 255 255 255 255 255 255   0 255 255 255 201 255 255 255
255 255 255 255 255 255   0   0   0 255 255   0   0   0 255 255
255 255 255 255 249   0   0   0   0 255 255 255 255   0   0 255
  0   0   0   0   0   0   0   0   0 255   0   3 255 255   0 215
  0   0   0   0   0   0   0   0   0 255   0   0   4 255   0   0
  0   0   0   0   0   0   0   0   0 255 255   0   0 255  92   0
  0   0   0   0   0   0   0   0   0 255 255   0   0 255  92   0
  0   0   0   0   0   0   0   0   0 255   0   0   4 255   0   0
  0   0   0   0   0   0   0   0   0 255   0   3 255 255   0 215
255 255 255 255 249   0   0   0   0 255 255 255 255   0   0 255
255 255 255 255 255 255   0   0   0 255 255   0   0   0 255 255
255 255 255 255 255 255 255 255   0 255 255 255 196 255 255 255
255 255 255 255 255 255 255 255 255 255 255 255 255 255 255 255
255 255 255 255 255 255 255 255 255 255 255 255 255 255 255 255
255 255 255 255 255 255 255 255 255 255 255 255 255 255 255 255
255 255 255 255 255 255 255 255 255 255 255 255 255 255 255 255
255 255 255 255 255 255 255 255   0 255 255 255 201 255 255 255
255 255 255 255 255 255   0   0   0 255 255   0   0   0 255 255
255 255 255 255 249   0   0   0   0 255 255 255 255   0   0 255
  0   0   0   0   0   0   0   0   0 255   0   3 255 255   0 215
  0   0   0   0   0   0   0   0   0 255   0   0   4 255   0   0
  0   0   0   0   0   0   0   0   0 255 255   0   0 255  92   0
  0   0   0   0   0   0   0   0   0 255 255   0   0 255  92   0
  0   0   0   0   0   0   0   0   0 255   0   0   4 255   0   0
  0   0   0   0   0   0   0   0   0 255   0   3 255 255   0 215
255 255 255 255 249   0   0   0   0 255 255 255 255   0   0 255
255 255 255 255 255 255   0   0   0 255 255   0   0   0 255 255
255 255 255 255 255 255 255 255   0 255 255 255 196 255 255 255
255 255 255 255 255 255 255 255 255 255 255 255 255 255 255 255
255 255 255 255 255 255 255 255 255 255 255 255 255 255 255 255

255 255 255 255 255 215   0   0   0   0 215 255 255 255 255 255
255 255 255 255   0   0   0  92  92   0   0   0 255 255 255 255
255 255 255   0   0 255 255 255 255 255 255   0   0 255 255 255
255 255 201   0 255 255   4   0   0   4 255 255   0 196 255 255
255 255 255   0 255   3   0   0   0   0   3 255   0 255 255 255
255 255 255 255 255   0   0 255 255   0   0 255 255 255 255 255
255 255 255 255 255 255 255 255 255 255 255 255 255 255 255 255
255 255   0   0   0   0   0   0   0   0   0   0   0   0 255 255
255 255 255   0   0   0   0   0   0   0   0   0   0 255 255 255
255 255 255   0   0   0   0   0   0   0   0   0   0 255 255 255
255 255 255 255   0   0   0   0   0   0   0   0 255 255 255 255
255 255 255 255 249   0   0   0   0   0   0 249 255 255 255 255
255 255 255 255 255   0   0   0   0   0   0 255 255 255 255 255
255 255 255 255 255   0   0   0   0   0   0 255 255 255 255 255
255 255 255 255 255   0   0   0   0   0   0 255 255 255 255 255
255 255 255 255 255   0   0   0   0   0   0 255 255 255 255 255
255 255 255 255 255 215   0   0   0   0 215 255 255 255 255 255
255 255 255 255   0   0   0  92  92   0   0   0 255 255 255 255
255 255 255   0   0 255 255 255 255 255 255   0   0 255 255 255
255 255 201   0 255 255   4   0   0   4 255 255   0 196 255 255
255 255 255   0 255   3   0   0   0   0   3 255   0 255 255 255
255 255 255 255 255   0   0 255 255   0   0 255 255 255 255 255
255 255 255 255 255 255 255 255 255 255 255 255 255 255 255 255
255 255   0   0   0   0   0   0   0   0   0   0   0   0 255 255
255 255 255   0   0   0   0   0   0   0   0   0   0 255 255 255
255 255 255   0   0   0   0   0   0   0   0   0   0 255 255 255
255 255 255 255   0   0   0   0   0   0   0   0 255 255 255 255
255 255 255 255 249   0   0   0   0   0   0 249 255 255 255 255
255 255 255 255 255   0   0   0   0   0   0 255 255 255 255 255
255 255 255 255 255   0   0   0   0   0   0 255 255 255 255 255
255 255 255 255 255   0   0   0   0   0   0 255 255 255 255 255
255 255 255 255 255   0   0   0   0   0   0 255 255 255 255 255
255 255 255 255 255 215   0   0   0   0 215 255 255 255 255 255
255 255 255 255   0   0   0  92  92   0   0   0 255 255 255 255
255 255 255   0   0 255 255 255 255 255 255   0   0 255 255 255
255 255 201   0 255 255   4   0   0   4 255 255   0 196 255 255
255 255 255   0 255   3   0   0   0   0   3 255   0 255 255 255
255 255 255 255 255   0   0 255 255   0   0 255 255 255 255 255
255 255 255 255 255 255 255 255 255 255 255 255 255 255 255 255
255 255   0   0   0   0   0   0   0   0   0   0   0   0 255 255
255 255 255   0   0   0   0   0   0   0   0   0   0 255 255 255
255 255 255   0   0   0   0   0   0   0   0   0   0 255 255 255
255 255 255 255   0   0   0   0   0   0   0   0 255 255 255 255
255 255 255 255 249   0   0   0   0   0   0 249 255 255 255 255
255 255 255 255 255   0   0   0   0   0   0 255 255 255 255 255
255 255 255 255 255   0   0   0   0   0   0 255 255 255 255 255
255 255 255 255 255   0   0   0   0   0   0 255 255 255 255 255
255 255 255 255 255   0   0   0   0   0   0 255 255 255 255 255

255 255 255 255 255 255 255 255 255 255 255 255 255 255 255 255
255 255 255 255 255 255 255 255 255 255 255 255 255 255 255 255
255 255 255 196 255 255 255   0 255 255 255 255 255 255 255 255
255 255   0   0   0 255 255   0   0   0 255 255 255 255 255 255
255   0   0 255 255 255 255   0   0   0   0 249 255 255 255 255
215   0 255 255   3   0 255   0   0   0   0   0   0   0   0   0
  0   0 255   4   0   0 255   0   0   0   0   0   0   0   0   0
  0  92 255   0   0 255 255   0   0   0   0   0   0   0   0   0
  0  92 255   0   0 255 255   0   0   0   0   0   0   0   0   0
  0   0 255   4   0   0 255   0   0   0   0   0   0   0   0   0
215   0 255 255   3   0 255   0   0   0   0   0   0   0   0   0
255   0   0 255 255 255 255   0   0   0   0 249 255 255 255 255
255 255   0   0   0 255 255   0   0   0 255 255 255 255 255 255
255 255 255 201 255 255 255   0 255 255 255 255 255 255 255 255
255 255 255 255 255 255 255 255 255 255 255 255 255 255 255 255
255 255 255 255 255 255 255 255 255 255 255 255 255 255 255 255
255 255 255 255 255 255 255 255 255 255 255 255 255 255 255 255
255 255 255 255 255 255 255 255 255 255 255 255 255 255 255 255
255 255 255 196 255 255 255   0 255 255 255 255 255 255 255 255
255 255   0   0   0 255 255   0   0   0 255 255 255 255 255 255
255   0   0 255 255 255 255   0   0   0   0 249 255 255 255 255
215   0 255 255   3   0 255   0   0   0   0   0   0   0   0   0
  0   0 255   4   0   0 255   0   0   0   0   0   0   0   0   0
  0  92 255   0   0 255 255   0   0   0   0   0   0   0   0   0
  0  92 255   0   0 255 255   0   0   0   0   0   0   0   0   0
  0   0 255   4   0   0 255   0   0   0   0   0   0   0   0   0
215   0 255 255   3   0 255   0   0   0   0   0   0   0   0   0
255   0   0 255 255 255 255   0   0   0   0 249 255 255 255 255
255 255   0   0   0 255 255   0   0   0 255 255 255 255 255 255
255 255 255 201 255 255 255   0 255 255 255 255 255 255 255 255
255 255 255 255 255 255 255 255 255 255 255 255 255 255 255 255
255 255 255 255 255 255 255 255 255 255 255 255 255 255 255 255
255 255 255 255 255 255 255 255 255 255 255 255 255 255 255 255
255 255 255 255 255 255 255 255 255 255 255 255 255 255 255 255
255 255 255 196 255 255 255   0 255 255 255 255 255 255 255 255
255 255   0   0   0 255 255   0   0   0 255 255 255 255 255 255
255   0   0 255 255 255 255   0   0   0   0 249 255 255 255 255
215   0 255 255   3   0 255   0   0   0   0   0   0   0   0   0
  0   0 255   4   0   0 255   0   0   0   0   0   0   0   0   0
  0  92 255   0   0 255 255   0   0   0   0   0   0   0   0   0
  0  92 255   0   0 255 255   0   0   0   0   0   0   0   0   0
  0   0 255   4   0   0 255   0   0   0   0   0   0   0   0   0
215   0 255 255   3   0 255   0   0   0   0   0   0   0   0   0
255   0   0 255 255 255 255   0   0   0   0 249 255 255 255 255
255 255   0   0   0 255 255   0   0   0 255 255 255 255 255 255
255 255 255 201 255 255 255   0 255 255 255 255 255 255 255 255
255 255 255 255 255 255 255 255 255 255 255 255 255 255 255 255
255 255 255 255 255 255 255 255 255 255 255 255 255 255 255 255

255 255 255 255 255   0   0   0   0   0   0 255 255 255 255 255
255 255 255 255 255   0   0   0   0   0   0 255 255 255 255 255
255 255 255 255 255   0   0   0   0   0   0 255 255 255 255 255
255 255 255 255 255   0   0   0   0   0   0 255 255 255 255 255
255 255 255 255 249   0   0   0   0   0   0 249 255 255 255 255
255 255 255 255   0   0   0   0   0   0   0   0 255 255 255 255
255 255 255   0   0   0   0   0   0   0   0   0   0 255 255 255
255 255 255   0   0   0   0   0   0   0   0   0   0 255 255 255
255 255   0   0   0   0   0   0   0   0   0   0   0   0 255 255
255 255 255 255 255 255 255 255 255 255 255 255 255 255 255 255
255 255 255 255 255   0   0 255 255   0   0 255 255 255 255 255
255 255 255   0 255   3   0   0   0   0   3 255   0 255 255 255
255 255 196   0 255 255   4   0   0   4 255 255   0 201 255 255
255 255 255   0   0 255 255 255 255 255 255   0   0 255 255 255
255 255 255 255   0   0   0  92  92   0   0   0 255 255 255 255
255 255 255 255 255 215   0   0   0   0 215 255 255 255 255 255
255 255 255 255 255   0   0   0   0   0   0 255 255 255 255 255
255 255 255 255 255   0   0   0   0   0   0 255 255 255 255 255
255 255 255 255 255   0   0   0   0   0   0 255 255 255 255 255
255 255 255 255 255   0   0   0   0   0   0 255 255 255 255 255
255 255 255 255 249   0   0   0   0   0   0 249 255 255 255 255
255 255 255 255   0   0   0   0   0   0   0   0 255 255 255 255
255 255 255   0   0   0   0   0   0   0   0   0   0 255 255 255
255 255 255   0   0   0   0   0   0   0   0   0   0 255 255 255
255 255   0   0   0   0   0   0   0   0   0   0   0   0 255 255
255 255 255 255 255 255 255 255 255 255 255 255 255 255 255 255
255 255 255 255 255   0   0 255 255   0   0 255 255 255 255 255
255 255 255   0 255   3   0   0   0   0   3 255   0 255 255 255
255 255 196   0 255 255   4   0   0   4 255 255   0 201 255 255
255 255 255   0   0 255 255 255 255 255 255   0   0 255 255 255
255 255 255 255   0   0   0  92  92   0   0   0 255 255 255 255
255 255 255 255 255 215   0   0   0   0 215 255 255 255 255 255
255 255 255 255 255   0   0   0   0   0   0 255 255 255 255 255
255 255 255 255 255   0   0   0   0   0   0 255 255 255 255 255
255 255 255 255 255   0   0   0   0   0   0 255 255 255 255 255
255 255 255 255 255   0   0   0   0   0   0 255 255 255 255 255
255 255 255 255 249   0   0   0   0   0   0 249 255 255 255 255
255 255 255 255   0   0   0   0   0   0   0   0 255 255 255 255
255 255 255   0   0   0   0   0   0   0   0   0   0 255 255 255
255 255 255   0   0   0   0   0   0   0   0   0   0 255 255 255
255 255   0   0   0   0   0   0   0   0   0   0   0   0 255 255
255 255 255 255 255 255 255 255 255 255 255 255 255 255 255 255
255 255 255 255 255   0   0 255 255   0   0 255 255 255 255 255
255 255 255   0 255   3   0   0   0   0   3 255   0 255 255 255
255 255 196   0 255 255   4   0   0   4 255 255   0 201 255 255
255 255 255   0   0 255 255 255 255 255 255   0   0 255 255 255
255 255 255 255   0   0   0  92  92   0   0   0 255 255 255 255
255 255 255 255 255 215   0   0   0   0 215 255 255 255 255 255
